6992884
6769860
6977672
6994863
6895861
6783994
6997927
6893974
6874897
6994860
6999728
6939696
6998643
6936998
6975876
6289890
6697686
6976595
6997568
6969575
6974979
6795879
6756994
6787954
6884880
6990999
6578973
6598770
6969487
6788491
6891995
6599944
6599582
6996758
6999189
6966877
6898470
6589869
6487898
6568890
6776977
6986850
6998463
6859861
6699669
6697773
6999090
6499685
6967687
6469897
6976950
6396995
6959495
6966964
6499777
6887944
6767888
6973983
6598688
6969931
6499862
6899557
6995677
6992976
6577983
6587790
6898290
6847987
6498876
6696876
6929798
6988294
6799742
6696969
6697958
6786690
6595980
6974790
6882999
6785798
6688957
6768786
6666999
6597965
6859860
6877951
6947973
6689490
6864995
6878948
6799831
6957876
6988929
6965791
6777691
6969750
6976866
6688777
6798756
6478983
6479792
6999457
6789573
6895867
6568897
6478984
6789489
6957874
6838986
6949777
6948871
6675996
6829896
6778595
6889290
6978847
6679777
6959673
6889475
6959767
6889927
6686792
6579962
6988473
6279991
6927999
6689762
6796777
6189993
6945992
6767972
6577982
6679957
6797856
6964899
6749799
6784982
6794979
6477996
6577989
6699667
6699484
6896495
6939694
6877594
6969758
6989823
6779769
6794796
6599942
6869583
6988742
6879844
6996486
6839796
6678690
6679596
6839798
6999364
6886770
6858696
6784986
6779589
6957697
6978482
6884790
6795875
6478893
6399696
6578889
6982894
6787682
6979473
6994689
6757985
6999360
6198991
6768697
6996843
6298898
6759964
6578796
6996935
6858965
6497881
6969391
6968674
6979564
6966965
6886951
6688775
6858690
6579871
6785792
6998553
6869761
6948965
6794795
6759692
6879484
6877862
6794889
6479884
6587883
6698858
6399693
6798668
6998822
6469982
6787864
6398883
6697774
6884792
6488887
6897484
6478896
6498696
6909994
6596790
6896945
6699577
6696789
6778772
6974971
6599760
6766984
6796952
6987485
6929795
6398979
6979479
6877771
6788580
6389791
6499861
6668799
6789938
6847894
6779767
6787777
6898839
6994682
6969390
6989736
6797672
6883890
6839971
6888485
6739898
6687695
6279994
6849789
6869495
6599497
6789844
6686797
6966783
6998648
6496980
6978398
6897934
6899553
6968676
6599764
6972991
6976953
6968677
6997749
6975960
6469980
6699666
6699750
6849875
6676987
6886598
6956797
6949866
6955898
6598957
6879841
6794973
6968670
6588780
6694892
6987849
6598685
6968495
6956885
6389889
6987484
6797587
6399879
6793896
6889924
6976685
6487899
6995499
6684992
6758884
6946898
6889474
6784989
6988471
6775988
6799474
6879753
6867697
6569794
6963998
6993960
6879485
6783998
6887767
6679687
6698493
6579873
6795872
6894691
6585993
6499869
6985865
6988831
6974882
6995589
6298897
6989286
6579787
6399875
6878673
6989644
6999722
6792998
6795874
6689583
6689587
6877683
6938882
6998379
6585991
6986497
6689851
6498967
6799476
6999638
6578888
6775890
6979561
6877590
6999094
6798489
6982890
6955987
6919892
6946983
6939781
6979382
6869856
6897664
6698491
6893886
6595892
6988298
6579697
6667895
6996574
6988839
6759872
6677795
6873997
6986674
6796770
6788852
6487896
6399871
6587888
6893882
6767973
6697590
6968584
6739893
6849696
6887675
6786698
6987665
6579789
6958956
6498781
6998737
6867694
6687968
6949598
6299793
6992881
6599673
6778592
6897570
6949591
6879579
6899190
6868683
6989822
6969483
6969751
6848881
6973893
6758970
6757898
6767882
6990997
6677882
6793981
6498698
6879391
6992880
6496890
6698675
6289986
6699486
6497792
6985959
6838984
6769686
6579699
6795963
6984696
6995760
6798669
6884887
6999637
6992975
6487988
6594992
6975965
6966963
6459999
6987481
6879750
6769682
6699391
6984692
6779945
6579876
6939878
6299886
6977859
6685894
6975877
6899824
6865980
6989559
6768872
6776792
6774992
6797582
6978484
6698854
6798846
6677883
6981991
6929972
6983793
6779492
6587884
6986942
6989555
6938794
6956882
6889926
6896857
6887490
6758791
6897485
6996395
6988746
6984964
6949864
6669783
6869498
6599671
6748894
6468990
6689948
6879482
6769863
6864997
6496984
6838980
6868955
6948875
6577988
6989282
6948699
6794972
6882990
6389971
6867780
6957782
6927995
6198997
6767977
6499684
6479881
6885872
6949689
6499953
6766890
6993783
6599946
6995493
6289989
6598595
6578974
6886773
6899734
6477995
6928894
6988928
6798572
6795876
6768871
6896859
6696877
6878677
6939871
6587886
6966968
6768874
6947972
6892890
6968943
6984960
6995764
6997742
6588691
6992795
6594997
6869494
6597785
6875971
6669690
6569795
6877869
6489878
6659885
6569885
6798390
6787590
6666990
6785790
6797676
6676896
6757988
6378998
6687780
6769777
6477997
6679682
6968586
6695977
6865987
6799386
6686883
6279995
6996481
6878765
6596885
6696961
6299881
6892895
6875797
6879755
6989735
6477994
6667892
6977495
6739891
6499596
6967958
6789480
6788945
6666992
6549993
6569889
6748895
6886866
6786879
6888573
6848977
6987669
6986678
6649984
6795695
6999639
6869493
6997652
6884796
6788853
6897665
6938795
6998193
6697869
6874981
6878762
6867967
6997477
6974796
6888488
6959856
6936991
6488797
6698678
6379896
6959762
6779856
6797677
6589952
6984871
6687785
6699487
6577892
6675997
6599679
6388982
6949957
6769868
6788679
6898297
6787598
6977764
6787686
6859869
6549997
6798662
6777694
6479798
6969667
6997380
6898381
6795964
6996576
6774994
6958689
6679958
6684995
6985686
6956973
6896940
6982981
6489873
6796956
6699397
6799923
6938886
6199898
6828993
6884970
6877864
6884971
6469891
6587972
6989194
6967863
6778867
6857791
6898657
6968850
6995769
6669695
6199988
6697591
6688954
6597692
6099991
6389797
6779857
6969932
6767798
6893975
6389794
6986943
6297999
6947970
6649980
6997921
6949680
6679770
6996394
6759781
6979385
6946899
6987578
6688681
6688595
6658899
6986947
6867693
6668883
6598598
6596975
6987487
6599769
6789577
6859777
6938976
6748897
6875887
6486999
6887492
6968767
6876785
6993787
6876783
6899462
6969393
6498694
6677886
6929885
6892891
6897930
6858960
6857882
6667985
6689497
6958776
6994599
6945999
6769778
6298895
6779764
6497888
6776883
6987938
6998191
6869677
6992979
6577894
6657998
6889296
6799296
6986765
6775983
6697599
6859866
6888752
6796592
6959585
6987934
6999636
6798482
6859864
6957962
6874893
6499774
6299976
6948966
6977851
6588961
6699483
6899910
6997290
6878676
6689586
6966693
6497978
6299974
6947883
6779498
6794797
6685891
6497880
6879931
6958868
6883980
6488972
6678691
6978750
6929888
6796773
6987848
6589860
6949950
6489870
6899912
6768968
6919989
6985689
6886952
6888751
6946985
6829980
6877777
6389792
6478899
6873998
6958595
6949956
6939782
6869676
6486993
6893798
6974799
6794883
6873999
6999366
6576992
6499779
6873995
6785796
6956975
6299975
6957781
6667897
6994955
6988745
6697953
6929886
6994686
6787593
6987577
6699845
6898475
6987392
6687697
6819996
6879932
6849963
6766987
6867968
6788586
6988295
6869857
6973894
6798844
6469984
6578792
6657994
6785979
6778599
6988656
6999270
6997922
6697957
6699390
6957789
6993879
6954997
6769598
6759693
6685980
6997294
6798398
6699579
6765999
6739989
6982895
6559892
6688864
6898561
6898476
6795780
6697777
6796779
6969399
6988472
6982892
6977858
6979475
6998647
6794977
6589954
6597874
6878943
6598680
6996930
6965973
6998828
6738995
6997659
6969395
6949862
6497795
6957691
6669780
6874896
6948694
6586892
6686798
6999541
6998461
6849787
6897844
6599495
6559898
6694894
6995584
6798574
6787597
6886683
6759961
6978665
6887941
6776975
6729992
6965790
6998468
6889381
6759962
6689942
6778869
6839979
6889476
6999904
6697680
6775984
6793988
6749884
6893971
6974978
6498690
6984691
6886861
6886591
6955986
6891999
6649986
6973892
6787778
6297992
6966961
6897572
6899827
6978666
6979748
6777876
6559989
6956881
6699660
6759699
6987488
6577897
6986857
6669784
6658987
6758885
6598956
6969753
6989642
6757980
6398975
6698670
6298893
6984786
6875970
6979566
6767970
6991899
6936994
6578971
6657999
6999278
6947974
6767979
6994956
6898293
6379893
6699753
6868772
6945996
6687786
6987666
6891990
6875883
6489697
6479977
6959769
6938799
6975783
6829891
6986588
6388895
6947882
6978755
6986580
6658988
6889562
6796955
6886689
6987845
6895951
6889652
6982899
6684999
6488794
6796869
6678783
6894693
6972997
6659978
6596798
6997835