2397486
2594760
2397934
2287596
2883570
2985540
2976904
2896179
2592876
2683954
2945587
2994909
2529696
2973395
2938387
2892845
2948558
2967188
2839653
2667575
2348887
2848473
2728596
2495949
2865846
2466695
2757841
2858911
2897256
2558494
2834889
2564975
2796907
2991578
2691876
2669282
2668566
2586932
2465886
2698171
2473989
2955571
2177793
2988331
2768463
2793844
2377597
2788803
2897705
2843793
2715992
2955572
2805990
2383899
2918948
2475690
2498913
2596924
2992299
2297672
2776382
2436997
2892849
2985459
2597463
2879431
2876464
2853877
2679092
2538963
2659560
2558492
2098773
2997421
2967544
2867191
2737591
2978434
2276979
2875296
2366975
2979246
2478487
2438798
2796453
2079968
2139999
2489735
2947380
2719771
2843886
2858193
2477944
2959444
2777463
2719773
2887352
2679368
2977537
2953865
2579823
2590893
2835693
2956746
2957739
2944868
2880876
2896803
2965652
2932988
2188770
2773590
2987709
2592968
2895369
2918588
2979061
2298579
2958368
2188954
2285797
2679727
2538783
2199663
2459764
2388847
2866744
2496842
2595935
2487394
2579373
2749387
2697180
2793936
2563899
2496485
2685935
2895098
2979245
2883757
2878263
2477499
2990498
2399828
2696464
2379666
2986264
2881862
2389658
2583781
2784486
2729673
2366978
2709787
2977442
2798522
2299388
2636888
2685664
2587832
2585760
2783672
2575951
2445991
2487934
2957642
2664962
2938929
2366790
2856664
2874390
2557775
2865488
2478753
2499812
2188952
2699708
2809774
2691871
2918492
2794388
2977352
2294976
2888342
2889515
2967638
2565966
2796271
2876644
2995082
2864492
2807799
2489646
2428890
2985636
2986716
2574697
2719865
2856482
2868182
2944596
2664781
2457871
2894645
2635984
2468677
2938747
2653898
2890776
2287684
2848389
2697637
2874482
2960884
2698711
2983741
2727871
2098954
2928571
2881951
2998143
2547785
2629776
2559665
2398924
2896172
2195790
2728860
2944773
2934874
2559399
2475783
2357970
2664965
2574871
2085999
2359864
2985817
2737865
2678737
2979159
2953866
2963855
2679096
2736878
2619964
2828769
2988248
2983832
2973936
2779804
2368590
2683861
2569389
2647959
2891858
2736785
2798072
2463996
2897167
2167982
2755869
2169697
2396854
2983928
2679630
2664879
2565693
2937397
2796099
2579737
2483799
2348974
2744793
2635986
2258889
2675767
2859098
2738857
2766391
2628870
2790695
2786377
2778360
2794298
2239981
2357971
2179867
2375885
2766753
2856480
2668471
2697728
2645885
2993370
2728775
2994279
2939916
2908950
2457789
2888707
2935867
2974383
2498282
2927490
2548686
2698712
2990766
2866653
2278958
2278591
2788260
2857478
2684676
2799518
2464989
2879168
2635982
2737860
2690796
2988428
2849468
2999316
2586399
2069970
2949817
2079967
2797441
2498461
2846942
2728774
2951885
2786912
2937669
2086985
2428982
2971773
2089683
2379394
2995267
2919573
2868549
2096974
2365891
2664690
2549769
2883753
2954857
2729762
2895367
2859368
2994455
2099586
2967272
2387676
2287774
2908686
2667669
2646870
2938567
2794650
2599443
2906882
2497836
2678199
2748931
2299749
2885193
2599717
2285972
2729674
2568483
2657942
2709966
2817966
2598631
2957559
2365898
2895549
2159975
2841994
2958729
2868638
2698351
2987523
2790963
2868814
2847570
2794659
2539597
2399555
2788801
2629777
2358783
2337990
2589634
2484785
2338892
2728864
2993918
2880788
2756676
2276799
2668382
2088969
2698805
2679364
2996523
2648493
2843884
2798259
2787272
2669379
2893478
2971950
2176989
2528881
2295966
2985189
2695382
2955480
2968629
2886187
2768283
2744886
2866473
2285886
2578653
2367789
2987615
2496579
2972676
2943693
2887353
2898337
2679188
2097875
2839474
2487936
2984460
2098779
2625993
2876199
2439875
2985364
2087885
2974474
2871784
2746862
2469848
2497294
2395775
2676750
2739393
2772784
2598903
2847399
2766570
2686920
2339798
2968448
2289844
2078887
2876465
2893472
2668928
2934966
2579554
2856845
2954586
2684582
2774490
2979064
2834799
2378948
2885284
2835690
2569474
2196964
2487665
2896531
2478485
2974921
2974470
2298668
2268698
2697544
2776295
2374982
2866747
2719682
2946756
2576586
2148992
2998059
2795918
2907960
2587921
2833984
2898607
2958900
2485950
2785383
2829842
2295965
2681972
2859363
2078798
2947744
2937933
2594586
2548775
2545980
2766486
2739661
2941981
2739840
2749838
2487751
2748571
2973841
2647593
2299830
2908684
2679451
2566592
2699616
2728868
2465882
2807887
2436999
2836686
2579281
2867647
2934876
2976274
2774765
2755868
2659740
2493784
2735796
2493785
2059891
2755950
2880694
2729586
2477949
2957468
2376693
2894555
2987435
2385966
2790787
2968080
2764680
2969167
2765859
2936948
2168793
2953860
2774588
2981859
2909853
2284892
2697458
2239892
2949547
2369584
2283999
2257983
2759286
2481990
2939281
2958814
2474979
2993195
2894282
2758290
2729949
2825880
2968174
2734891
2877545
2679813
2597195
2890774
2629869
2852975
2593594
2967453
2595667
2794385
2789074
2988066
2799423
2949721
2814991
2995441
2945677
2576677
2777550
2795824
2298575
2767561
2299569
2968082
2749830
2826696
2935957
2787546
2628693
2861973
2780978
2776294
2158981
2784937
2494958
2386687
2585674
2476860
2587563
2168884
2856754
2719590
2867289
2887179
2598636
2966733
2399912
2293985
2499456
2637697
2715994
2494590
2289933
2960792
2949634
2195889
2938831
2659476
2681790
2933974
2793481
2398479
2449862
2849192
2189948
2592874
2886635
2197689
2736690
2993734
2858283
2297675
2869625
2856394
2565696
2797539
2695835
2259969
2645977
2933796
2686473
2689082
2893568
2975733
2859630
2719953
2696468
2691691
2587568
2569658
2588285
2809684
2973848
2777914
2849198
2754691
2867736
2578384
2277694
2554983
2296688
2839291
2691783
2736780
2916781
2419898
2539778
2936856
2663792
2699529
2953770
2728950
2919481
2492885
2358963
2939648
2795469
2966730
2488740
2981494
2867644
2875475
2933887
2279490
2893479
2972761
2779802
2865935
2287772
2969521
2957828
2375972
2577849
2465794
2919930
2296778
2715991
2755683
2679547
2848471
2775394
2898336
2746954
2739755
2944774
2636798
2539958
2973487
2447791
2693760
2746598
2735970
2881774
2972586
2368597
2891674
2756764
2567679
2458599
2697818
2548688
2974927
2797267
2297498
2783763
2894554
2439787
2875473
2842981
2787819
2489556
2652992
2348882
2590986
2859812
2499364
2788715
2798430
2885916
2086984
2959719
2636799
2917687
2882581
2458772
2788173
2948640
2837587
2459499
2986445
2778092
2491984
2925876
2937579
2949819
2887803
2374986
2748938
2856398
2279671
2955663
2298841
2995802
2984643
2785388
2187785
2707980
2749568
2548959
2749381
2667664
2667574
2499638
2834792
2898158
2772694
2267797
2767291
2177790
2871961
2557594
2699436
2686833
2608894
2872594
2299297
2879705
2848741
2973669
2986170
2994098
2837676
2287778
2384972
2596471
2068980
2869267
2727789
2938925
2099498
2948825
2798610
2876194
2493968
2983476
2498645
2476592
2547966
2573883
2949636
2794836
2991488
2649754
2886819
2676396
2959537
2695928
2887354
2994185
2287861
2672978
2596478
2964390
2347980
2982482
2838395
2086890
2449594
2947924
2859729
2997428
2466698
2159794
2864851
2484789
2378584
2644988
2596389
2659658
2898156
2971681
2463998
2857922
2827596
2808692
2825792
2796634
2886366
2919847
2870880
2790961
2759731
2944778
2955662
2286780
2873946
2769276
2980951
2487841
2983477
2994548
2568487
2858733
2488921
2738944
2069888
2779173
2476681
2239893
2816886
2661995
2982848
2998503
2888705
2876552
2439969
2562990
2399197
2607992
2759914
2483792
2699522
2889420
2296775
2749292
2187787
2675672
2861974
2967812
2438791
2598182
2265996
2658842
2259784
2539860
2759284
2677386
2069883
2087971
2871783
2186880
2458957
2936496
2088691
2096978
2366883
2479749
2977623
2717979
2595849
2249884
2719591
2963851
2488382
2761899
2897439
2956923
2973935
2866568
2775669
2949090
2899415
2776477
2986440
2786378
2976277
2693584
2593596
2789524
2782597
2746867
2984461
2579289
2995538
2887268
2749745
2958902
2938832
2976362
2568845
2777376
2956568
2775845
2980955
2736872
2826962
2494680
2279762
2855679
2858289
2748664
2676931
2684584
2329989
2349873
2861886
2885648
2393886
2698622
2914894
2666673
2496574
2698086
2776385
2187963
2887714
2798529
2629772
2556785
2856752
2958093
2896174
2385781
2845954
2583961
2706995
2957375
2463995