3547792
3988709
3786297
3829766
3789627
3875750
3849479
3779546
3498921
3188693
3874768
3667672
3396958
3638872
3958649
3765591
3689813
3287960
3079798
3456985
3759833
3988705
3987350
3928670
3198598
3583794
3977367
3946491
3778191
3369683
3669565
3928763
3995274
3778913
3664970
3618982
3619977
3956849
3068990
3576862
3993295
3978807
3776483
3858835
3794665
3829494
3848576
3667679
3985282
3557964
3977365
3673793
3977366
3884841
3963775
3479660
3798176
3179786
3399926
3799072
3639773
3589649
3683875
3918686
3976829
3885839
3784851
3747771
3386879
3663897
3955854
3577587
3994917
3088889
3918778
3639594
3686574
3952882
3898253
3856940
3493793
3099685
3929391
3989423
3683876
3675862
3968906
3676940
3528983
3987268
3467873
3699449
3951894
3896638
3867567
3953962
3099680
3518992
3977544
3908879
3956664
3388493
3776845
3577944
3693591
3498471
3657957
3498388
3439978
3975294
3788637
3759293
3686393
3592975
3388763
3949912
3996082
3762896
3478670
3936775
3689452
3596483
3767845
3649585
3793584
3596755
3892675
3695578
3964946
3558598
3968636
3692874
3808881
3439973
3966832
3978539
3727797
3716999
3278874
3638696
3869904
3664887
3356997
3764872
3635990
3916794
3788454
3539696
3854960
3797547
3774953
3977633
3645980
3786296
3654986
3770994
3889704
3659398
3729686
3648595
3498836
3928943
3987089
3199670
3968632
3825987
3777929
3394880
3669837
3287966
3179960
3697556
3918599
3689541
3977186
3687380
3558775
3783593
3458693
3647787
3498472
3617998
3874581
3489298
3756773
3574794
3739588
3667942
3748768
3275990
3638699
3985829
3388674
3595583
3736796
3566877
3968813
3759561
3676583
3777568
3975651
3938849
3942890
3599814
3836788
3695488
3569844
3591893
3876748
3779188
3765861
3289498
3784492
3428995
3399297
3894477
3578844
3895372
3457883
3938660
3878816
3575699
3974396
3679198
3882862
3685580
3857573
3769282
3599369
3843984
3558680
3981597
3729681
3768475
3967194
3679739
3891773
3944969
3647781
3276896
3674872
3877288
3388766
3498834
3886641
3994554
3688191
3948292
3637793
3985825
3807899
3099959
3963868
3790979
3959451
3878450
3899425
3195897
3419997
3988349
3889430
3198684
3799522
3586941
3186981
3844793
3972596
3369594
3962698
3798174
3538971
3986188
3379857
3275999
3899602
3783865
3926787
3844887
3790798
3929393
3579926
3878810
3597650
3089783
3619974
3576686
3769193
3674965
3753988
3983664
3917693
3748941
3889164
3358880
3887275
3587666
3977545
3959721
3574978
3973854
3966921
3865676
3494962
3948388
3991850
3797901
3197965
3477953
3278780
3578939
3829767
3967283
3888628
3188960
3894744
3195983
3999416
3692786
3659663
3393895
3249987
3679828
3747598
3967919
3996170
3749399
3928585
3755873
3662990
3088792
3787557
3963685
3777651
3369598
3807892
3974753
3891950
3558685
3871885
3797811
3878270
3929939
3666953
3899421
3548699
3944871
3687659
3889074
3975381
3549591
3959360
3985649
3399291
3398757
3916796
3985640
3759654
3896451
3876923
3699710
3748858
3389753
3839396
3989336
3392993
3868734
3788450
3469671
3845694
3079886
3978446
3556885
3486954
3986090
3777292
3288597
3389481
3977721
3729597
3487580
3697372
3297861
3856761
3683873
3937671
3759565
3963953
3594596
3691885
3528893
3658767
3369688
3339899
3998159
3955672
3499371
3198590
3638965
3649857
3588744
3579650
3476969
3961972
3596840
3947844
3799436
3299570
3696386
3779903
3761994
3782968
3678477
3079790
3773878
3519984
3789713
3788729
3629960
3459951
3892760
3795927
3689631
3690896
3189864
3987447
3687927
3781885
3849296
3946768
3926965
3859554
3666596
3497844
3629878
3991587
3897173
3557871
3672988
3680992
3869818
3982582
3578759
3199858
3987171
3617996
3399922
3597564
3618988
3399472
3945865
3976825
3488390
3898076
3971969
3887817
3761992
3795836
3848395
3926968
3097975
3768834
3668840
3169975
3367970
3099866
3983571
3693598
3945689
3188967
3787280
3499916
3597746
3688465
3998335
3981864
3846770
3998330
3369868
3692960
3468684
3769371
3279869
3288869
3399745
3598281
3994556
3907978
3781799
3844886
3896540
3757580
3377964
3687296
3955585
3906982
3598197
3891599
3496589
3866397
3647872
3939744
3799702
3856858
3499825
3858923
3296873
3676947
3386878
3768296
3987260
3857846
3677842
3786385
3573895
3855867
3779097
3388941
3858926
3978263
3883941
3798171
3777835
3976550
3994731
3988077
3593692
3994371
3468595
3848848
3929665
3489475
3808972
3764781
3809690
3647877
3588741
3825982
3698908
3567592
3897629
3879359
3596753
3896099
3972687
3759568
3666954
3898703
3657680
3645895
3765952
3576771
3489749
3889075
3875661
3869279
3948744
3849560
3684599
3982945
3658763
3659843
3848759
3575968
3691799
3880970
3789088
3939929
3667769
3684773
3487582
3917782
3907884
3578393
3939835
3669387
3936773
3395875
3599632
3976730
3957834
3597299
3697465
3757679
3385979
3769462
3990861
3399835
3829675
3882595
3691977
3694853
3376889
3935784
3585684
3777650
3879531
3377877
3885295
3519988
3974662
3886916
3499376
3817970
3948562
3993290
3748859
3838671
3658491
3996714
3889614
3767392
3288861
3896458
3689540
3907972
3468779
3872967
3298678
3967379
3649670
3783773
3898618
3489565
3996712
3996629
3596481
3348896
3759929
3993928
3986456
3685851
3187796
3656967
3955946
3837773
3938398
3894389
3925798
3889522
3987628
3579658
3498651
3369689
3758666
3959909
3873862
3662997
3989519
3976649
3691790
3847851
3756776
3396778
3864772
3597924
3846686
3299843
3996443
3592790
3688822
3489836
3988522
3396867
3198773
3574884
3747590
3199767
3957385
3679193
3990770
3953693
3873595
3728699
3638968
3299660
3376978
3429983
3983480
3917780
3768565
3539965
3729591
3378687
3289857
3986726
3888447
3960989
3963957
3597744
3767932
3994378
3994464
3878453
3757583
3864950
3860999
3658765
3886286
3375983
3749847
3808796
3784944
3459772
3990591
3658761
3798445
3499826
3974664
3843897
3799524
3596489
3876741
3791964
3494781
3946764
3367977
3588749
3689450
3667581
3258980
3916976
3986181
3997436
3396866
3892587
3942988
3598824
3984385
3937768
3914990
3168896
3518993
3955769
3791967
3339897
3998606
3388494
3908699
3894290
3746876
3777833
3977907
3793858
3294896
3636890
3798267
3687561
3369864
3681981
3573896
3883674
3958370
3278873
3697286
3289761
3679734
3852892
3558867
3626992
3458695
3357891
3996444
3933892
3596487
3468682
3807890
3696478
3919495
3959633
3659664
3961888
3297866
3958550
3914999
3955948
3786923
3939832
3889347
3198869
3597656
3898433
3376793
3598467
3936688
3687290
3389489
3398665
3894471
3977906
3098690
3792774
3269782
3867389
3966747
3176993
3439974
3936774
3878454
3597297
3788725
3859555
3775760
3766588
3565974
3726983
3868829
3567686
3474987
3458691
3479391
3439975
3565791
3749750
3995278
3608994
3969806
3824990
3769465
3287699
3884935
3399471
3954957
3189950
3287877
3758848
3982587
3795384
3398844
3492895
3819779
3889254
3486776
3294895
3698453
3588834
3199852
3188782
3957744
3669388
3873682
3772976
3483899
3994910
3789718
3782969
3669656
3597743
3688462
3857661
3974843
3795568
3893939
3797908
3867924
3297594
3565973
3485963
3975295
3809879
3908785
3545996
3997430
3298672
3188786
3675688
3477594
3866571
3745975
3796735
3854787
3768650
3658676
3558772
3986542
3266997
3793586
3778911
3569931
3995279
3885744
3688827
3939290
3879807
3974489
3389484
3926695
3467786
3835792
3376972
3958641
3778460
3736979
3458964
3954596
3491993
3745978
3988160
3738951
3548694
3764878
3736885
3096894
3867471
3479752
3296781
3518999
3968814
3498838
3977635
3785488
3947753
3935961
3781979
3664881
3934794
3997433
3179874
3286880
3878096
3907975
3784852
3657685
3595587
3868286
3589373
3599639
3990599
3357983
3908787
3793769
3579740
3878186
3269968
3396776
3677392
3555980
3939561
3976464
3977098
3668572
3696381
3667941
3583979
3518991
3867388
3783598
3959459
3449877
3437995
3782786
3577767
3449879
3995273
3998242
3648590
3796465
3199859
3599093
3774689
3786298
3589197
3438897
3878458
3957653
3559671
3680997
3882771
3258983
3946673
3387952
3677483
3657595
3918866
3493972
3689814
3939836
3848938
3896188
3667764
3869725
3884483
3696479
3994739
3268978
3955761
3828590
3969621
3957479
3679463
3384980
3977362
3982765
3098788
3871889
3767396
3776660
3998156
3887814
3986187
3576680