5588677
5759495
5946785
5966581
5687496
5677683
5889724
5868397
5894586
5269899
5296983
5758959
5469699
5678949
5089982
5859396
5964789
5865780
5864881
5793691
5868934
5894581
5827984
5674989
5879370
5846978
5687768
5992779
5994390
5769939
5837881
5999079
5468973
5954882
5979180
5758688
5958847
5987464
5848772
5557894
5478966
5539898
5993490
5968744
5889094
5795679
5996198
5765974
5876766
5489767
5899627
5568783
5878834
5879461
5846972
5698834
5678494
5795768
5795769
5586784
5729793
5299956
5794860
5658788
5588495
5864886
5888463
5969553
5579944
5945791
5844995
5589846
5489674
5819976
5498492
5476986
5856781
5779298
5957491
5967578
5749595
5586783
5498499
5886390
5867677
5974685
5479684
5879825
5968659
5665985
5918979
5998538
5869657
5689384
5908987
5349994
5988270
5937693
5479863
5884688
5889458
5787481
5958396
5817997
5769484
5868662
5539892
5929775
5927795
5569865
5793878
5984676
5696673
5776771
5838876
5649697
5477797
5449980
5787393
5289870
5917984
5997818
5457994
5889277
5566895
5684977
5917892
5969735
5759671
5089891
5874962
5799189
5479951
5984585
5866959
5657978
5925990
5836985
5583996
5479680
5784879
5666881
5779652
5789731
5993856
5979721
5908980
5887388
5494899
5736993
5289874
5499758
5678766
5790996
5399679
5989538
5387977
5679579
5779831
5967395
5699648
5099976
5199872
5855790
5479687
5981978
5866868
5764892
5789642
5857869
5856695
5888194
5975944
5849761
5097990
5894766
5795948
5898272
5899265
5987550
5878476
5379697
5959831
5948493
5874694
5477972
5956598
5566890
5677685
5858852
5885856
5917899
5089989
5797387
5797474
5449982
5878389
5768587
5889183
5893591
5587595
5966677
5647893
5889450
5486797
5926987
5772999
5787576
5099793
5296988
5779474
5389950
5199966
5199782
5965595
5838875
5899711
5485984
5947773
5597589
5699193
5952992
5798463
5962986
5958392
5584893
5957946
5927792
5728980
5876767
5559789
5378796
5958933
5697488
5577780
5929951
5968928
5835992
5986382
5388876
5957857
5764981
5987828
5878923
5648884
5799720
5692892
5868393
5889180
5929869
5389684
5957587
5796938
5886757
5679392
5485894
5684795
5776683
5793879
5368987
5498853
5773981
5089899
5599927
5489673
5976398
5829783
5968388
5784697
5784698
5949753
5838785
5947865
5865877
5778937
5699738
5966673
5739785
5657970
5692896
5997278
5748965
5999345
5927885
5765795
5938593
5577697
5567790
5778668
5699378
5577961
5299681
5196997
5989445
5673996
5385999
5468880
5997722
5299687
5937697
5879379
5289962
5687499
5585974
5918972
5779291
5495979
5992774
5684972
5665989
5979274
5798553
5867495
5596866
5867490
5679488
5759851
5727991
5539899
5948766
5659864
5388874
5448994
5895934
5878658
5484991
5849494
5868667
5839862
5883963
5948851
5784692
5959384
5556997
5794681
5846973
5879468
5884683
5893682
5787842
5579677
5867670
5197895
5896292
5764896
5989808
5599652
5799093
5669940
5559695
5926981
5985390
5795763
5885941
5587688
5479591
5686687
5869653
5983688
5197987
5970992
5089981
5838784
5385992
5658782
5745999
5197986
5908892
5938864
5599925
5976481
5892788
5986651
5859662
5897377
5999070
5897460
5757961
5549972
5978374
5668681
5783973
5439997
5477885
5697931
5990790
5992771
5099884
5778574
5898181
5888552
5983599
5974955
5949757
5785956
5499757
5688843
5395984
5499933
5785770
5639886
5598663
5884775
5983779
5593898
5797381
5868759
5657973
5648888
5499848
5995830
5878380
5638896
5880997
5877750
5776862
5949393
5689383
5986831
5279796
5966859
5556991
5795766
5981977
5973877
5988097
5787487
5788837
5479595
5696674
5969463
5907998
5998260
5968474
5899807
5976483
5398596
5399673
5991968
5668597
5488689
5299771
5295999
5588940
5856877
5689657
5869834
5549977
5696946
5799544
5987640
5964783
5687582
5944985
5569771
5869386
5929593
5789552
5668864
5898814
5584983
5566988
5467985
5866681
5399947
5798199
5568879
5788386
5799903
5579852
5887568
5469875
5595783
5885498
5956592
5866771
5487693
5676960
5945975
5858764
5977388
5679937
5989354
5587686
5598936
5498580
5648791
5848682
5872893
5799274
5788474
5965682
5955785
5777940
5992683
5892878
5996733
5674895
5466998
5964782
5387979
5569776
5977295
5718995
5587597
5588946
5990792
5881985
5997724
5758953
5997459
5949668
5796841
5968656
5959292
5879913
5957856
5872982
5567792
5469785
5909973
5697753
5189882
5994578
5997362
5298699
5898906
5557985
5766964
5747799
5974868
5498674
5379969
5286993
5687588
5908896
5945884
5866865
5997908
5959654
5979366
5875869
5977654
5997189
5981885
5889459
5819970
5967757
5879283
5856698
5599749
5679576
5952995
5972793
5997900
5879738
5579585
5099794
5768670
5993673
5944894
5788294
5765887
5298870
5971985
5879194
5987825
5995561
5845897
5694872
5797565
5979819
5991963
5376994
5997544
5699733
5399949
5187991
5498859
5769489
5398774
5539894
5798289
5684887
5798370
5975766
5799456
5828972
5897461
5795852
5747882
5677689
5799905
5995741
5954970
5467897
5459799
5794865
5979183
5935982
5476891
5949487
5982784
5976482
5278893
5568780
5785590
5839592
5489763
5996828
5648795
5598482
5866774
5939942
5986920
5766873
5855881
5827892
5982961
5779389
5588856
5867859
5747880
5949843
5479867
5586699
5877841
5876496
5855976
5876857
5776596
5939947
5998177
5629890
5889638
5296897
5593893
5386892
5687941
5388788
5846880
5885587
5797741
5976480
5685787
5883698
5576880
5759949
5967844
5793781
5596959
5796930
5792973
5973871
5987642
5569689
5757694
5895754
5969648
5995478
5979456
5667784
5569595
5846979
5975678
5739692
5787396
5486791
5719984
5981881
5695773
5599834
5688396
5288887
5790995
5799459
5588764
5991871
5796937
5897463
5859667
5498586
5718998
5389689
5778487
5919699
5994934
5592994
5559870
5846975
5659951
5784785
5848688
5976576
5969196
5971894
5795672
5399583
5588855
5974867
5974688
5891977
5378792
5874966
5766788
5398865
5189796
5979908
5587958
5999075
5778390
5737896
5079992
5579588
5777947
5999163
5387881
5458987
5979813
5777580
5798191
5889097
5298964
5884867
5577690
5668959
5889639
5578778
5669856
5485890
5888370
5828884
5957851
5697484
5998806
5966762
5639791
5475998
5869295
5876491
5369979
5994752
5199873
5994848
5977293
5766966
5666888
5862990
5973691
5695687
5689568
5776680
5974864
5878836
5798467
5896652
5875774
5578959
5939857
5896563
5575987
5948855
5893685
5649783
5778844
5397874
5439996
5989719
5857773
5782983
5789376
5779650
5936799
5679848
5848777
5569681
5489947
5679938
5935984
5499847
5698479
5792974
5949666
5693970
5987644
5665980
5943990
5886488
5969281
5776957
5947776
5898275
5665892
5828882
5639882
5797569
5877849
5880998
5792971
5988902
5596862
5667783
5945888
5967392
5567973
5947952
5577963
5859849
5659689
5378887
5857956
5955788
5668774
5586690
5858584
5992590
5656899
5947684
5468887
5985397
5798647
5664992
5598390
5995653
5982873
5899266
5775787
5585881
5958485
5794594
5489762
5388786
5890892
5828978
5386982
5856878
5976757
5687672
5199962
5995384
5979277
5988271
5890982
5469871
5957670
5767860
5877393
5488593
5998448
5769842
5689476
5767956
5962899
5893773
5879829
5674892
5658694
5597851
5988909
5818989
5778480
5397967
5389594
5846882
5737893
5990979
5737895
5969370
5976934
5679570
5853992
5576889
5594797
5865875
5487699
5689745
5577966
5967575
5782989
5798554
5296989
5794778
5983952
5986655
5968475
5579948
5973695
5956683
5499849
5889637
5998712
5789379
5829875
5787489
5989266
5978649
5978730
5867673
5378889
5757876
5299861
5797475
5959748
5986747
5736999
5099979
5859577
5695954
5696940
5598757
5579589
5979729
5469789
5881980
5858679
5969912
5299590
5784699
5894942
5089980
5576885
5954974
5937877
5847785
5787483
5992689
5695860
5876495
5779747
5378977
5957672
5982871
5289699
5888644
5368989
5669580
5498581
5782987
5766875
5874871
5996557
5289693
5969733
5796759
5994396
5979720
5895661
5864887
5952999
5488770
5289784
5789737
5498584
5882794
5826996
5839957
5876494
5738797
5682998
5875682
5796578
5693888
5867856
5893598
5592991
5890980
5298871
5878297
5699280
5575988
5788656
5659599
5786587
5698380
5875779
5686682
5949573
5779658
5768949
5990978
5786588
5577694
5797928
5497867
5979724
5986658
5458895
5985847
5779299
5958398
5667962
5695591
5955962
5579494
5786941
5079991
5929599
5982783
5568696
5947779