1794829
1057994
1682862
1394597
1718685
1197854
1788075
1857280
1779618
1266971
1814897
1877537
1779708
1555695
1964830
1269765
1809587
1248888
1788073
1737766
1639937
1875645
1276698
1366785
1768363
1677460
1774578
1472984
1894727
1836945
1494942
1572885
1575947
1580899
1599700
1856479
1395761
1359497
1785648
1947467
1662795
1897241
1858188
1568295
1978066
1586290
1279572
1854493
1586838
1547860
1980949
1349598
1837758
1823985
1349684
1967444
1498275
1760983
1686739
1575679
1969332
1968076
1895176
1729393
1525995
1939186
1559742
1974550
1943951
1158884
1499532
1148988
1981480
1782585
1983644
1189571
1954486
1088777
1876901
1388383
1739475
1781772
1577835
1691681
1873758
1794288
1358681
1746767
1176794
1993099
1816698
1885187
1790869
1838923
1669360
1086975
1974460
1957904
1374882
1429788
1085981
1955658
1468485
1078788
1946659
1669094
1491883
1489090
1946658
1986528
1971942
1992911
1578648
1577929
1961950
1699337
1749191
1436989
1592681
1681874
1096961
1716792
1944672
1477933
1449498
1758379
1745954
1769354
1486392
1409986
1386581
1359857
1669816
1485673
1777270
1838389
1767286
1486842
1745683
1158885
1888604
1972487
1817597
1269767
1570992
1537690
1915876
1874834
1784479
1927482
1969339
1481898
1594394
1495394
1455796
1498632
1377670
1378662
1465781
1835596
1874920
1942784
1463893
1624993
1808591
1468757
1456876
1757923
1852693
1089581
1895626
1884732
1349593
1889410
1754959
1943682
1695733
1956915
1639756
1866460
1974373
1088867
1976267
1573968
1669273
1898418
1960698
1893739
1494498
1748653
1824888
1967713
1858639
1087966
1908852
1867541
1809944
1966729
1858457
1724898
1968615
1790866
1827495
1984180
1934778
1539855
1866465
1893731
1969150
1428790
1468579
1847653
1932888
1732995
1875373
1529774
1068974
1098587
1667292
1890587
1378847
1729931
1738930
1397474
1169862
1517986
1669271
1765938
1249693
1756936
1706895
1952772
1738393
1949351
1567848
1956732
1658297
1893558
1589085
1779704
1792485
1678450
1156999
1835597
1793384
1388564
1654690
1768361
1735698
1572979
1891394
1577470
1528875
1396574
1990480
1687098
1633995
1978065
1672784
1468572
1545976
1975184
1394680
1677736
1483961
1848550
1635978
1485494
1259594
1767643
1878168
1739382
1757297
1994172
1995618
1389912
1825785
1776916
1789609
1882849
1707975
1148986
1565951
1874474
1978245
1482790
1628596
1933969
1894639
1568749
1909846
1478839
1538686
1891576
1387759
1078878
1586295
1828398
1499086
1760897
1790771
1195785
1588909
1865925
1287583
1807879
1829475
1398199
1299466
1756575
1346893
1348967
1852780
1599077
1293887
1596916
1177877
1851799
1849369
1877805
1098493
1929285
1636699
1917492
1978424
1656766
1058983
1666758
1856926
1678092
1984097
1978606
1953492
1837483
1671971
1658741
1684938
1767917
1867547
1258699
1476584
1723993
1995614
1839642
1546692
1796804
1387661
1838654
1284972
1237997
1885369
1767378
1668735
1859266
1926760
1783758
1984727
1795819
1057990
1859261
1574865
1985357
1518794
1057999
1576934
1697087
1516992
1675755
1475770
1733982
1278497
1728760
1886176
1387849
1756666
1099935
1968257
1995704
1737851
1781959
1296946
1959341
1982745
1607895
1796717
1983554
1766567
1419979
1829388
1792570
1976350
1949446
1788524
1149794
1578372
1759548
1799503
1799149
1269679
1884737
1657662
1289478
1569371
1193981
1938468
1197855
1666930
1491975
1637951
1819844
1368678
1498725
1756486
1590974
1981847
1880593
1439953
1188943
1575853
1578732
1935492
1906690
1873399
1585486
1089584
1970862
1869615
1096781
1898230
1845582
1986612
1916862
1907773
1617972
1977345
1856925
1859713
1755494
1796805
1567667
1597188
1844952
1975092
1775830
1670982
1953942
1975724
1828933
1295597
1348693
1059791
1963939
1765939
1593855
1793658
1967173
1359490
1518889
1905792
1957368
1888154
1394953
1089497
1438693
1289476
1688350
1486938
1887258
1939183
1178958
1258692
1957275
1986617
1946564
1889411
1867635
1697711
1784659
1717784
1947733
1766471
1296853
1909752
1891570
1890854
1782943
1989135
1847920
1709951
1084993
1689349
1584857
1746854
1238895
1687097
1449491
1596913
1963487
1359492
1474699
1955833
1296494
1728672
1177966
1198843
1546879
1909930
1386851
1835955
1576755
1458586
1674586
1884918
1906789
1487748
1084997
1947464
1739564
1957728
1269588
1876099
1865927
1368672
1887345
1169683
1873573
1884289
1288488
1769533
1088958
1656496
1994178
1686732
1865656
1167979
1328899
1085984
1553893
1918484
1379387
1576578
1775470
1479287
1868441
1089586
1671976
1884372
1744694
1772775
1945667
1489091
1851979
1169771
1449675
1975542
1355899
1949717
1176886
1994266
1558841
1658833
1894722
1791589
1644973
1574775
1556863
1951871
1862776
1879421
1578191
1978335
1936394
1694926
1584589
1644889
1569194
1852871
1487563
1942968
1733980
1957457
1183992
1845945
1690695
1691861
1935762
1199299
1896700
1767912
1985533
1682861
1099578
1178684
1644793
1879423
1478659
1491978
1667926
1266798
1449857
1188941
1178955
1849457
1473977
1377492
1645694
1858725
1285967
1997239
1654870
1496470
1680889
1728852
1855579
1851974
1957725
1296767
1555962
1486482
1599161
1964923
1639480
1564964
1188766
1086970
1982294
1965646
1945573
1684933
1684489
1396487
1738754
1587555
1679532
1924873
1592687
1398733
1745869
1489542
1983823
1069692
1698703
1447789
1567575
1586651
1776739
1457686
1676385
1299198
1743884
1863589
1776197
1687545
1309993
1927663
1826777
1679717
1918664
1658927
1758282
1636968
1597632
1347794
1674679
1879158
1850989
1959525
1818672
1996068
1347976
1896528
1499080
1735789
1495937
1780873
1734886
1484862
1768186
1468847
1946471
1381995
1298830
1764767
1099843
1890493
1088686
1097594
1922891
1791490
1582874
1877170
1978152
1449581
1676653
1663699
1175898
1904891
1756846
1839466
1765579
1477753
1555872
1767370
1573871
1976089
1444997
1287493
1818674
1494760
1963662
1973478
1819572
1688537
1365970
1877084
1983379
1767823
1198934
1905884
1995257
1774936
1469836
1850893
1680881
1878529
1507994
1489548
1737584
1674584
1985711
1588543
1358869
1798335
1784741
1187770
1289923
1980676
1893643
1968253
1468664
1078873
1866916
1294873
1841896
1845766
1969062
1886082
1941799
1174990
1736681
1829838
1557947
1991475
1288487
1758465
1991474
1906786
1851977
1959340
1284796
1495931
1789512
1599703
1683766
1965736
1584945
1991925
1751895
1759186
1867459
1356792
1077977
1948452
1967626
1719496
1894277
1879517
1469653
1883296
1690785
1862770
1494496
1197858
1391985
1988509
1909755
1948638
1928470
1486753
1545889
1186783
1893289
1595927
1758648
1819487
1976801
1267961
1545886
1783845
1773854
1398738
1188769
1817599
1777364
1889500
1971858
1398912
1437795
1558484
1648930
1458587
1357693
1867095
1915780
1805892
1069969
1993903
1076980
1564696
1867814
1269943
1573969
1717969
1947460
1784833
1875374
1956190
1565680
1599163
1988414
1493866
1472985
1575764
1678098
1998406
1266887
1398910
1870690
1359760
1617883
1858094
1981395
1809764
1365975
1577922
1785644
1619957
1419889
1694568
1487740
1097954
1463985
1389554
1742896
1459936
1985087
1398464
1693934
1695646
1595929
1793567
1275970
1399549
1948271
1697179
1596828
1259955
1843878
1935588
1381997
1569829
1867458
1698259
1989043
1739299
1881588
1793927
1129998
1883569
1859353
1490983
1994713
1486930
1795360
1486398
1851972
1585754
1950970
1926585
1766385
1556681
1849275
1099486
1483780
1097687
1633992
1894549
1477485
1771969
1998313
1965195
1879062
1962492
1759729
1687817
1917677
1379832
1659647
1655956
1889143
1888243
1838388
1867546
1687724
1876815
1199294
1749379
1497288
1392793
1909572
1379839
1629858
1255997
1591966
1338794
1199568
1847834
1787441
1887162
1783665
1488196
1581975
1715982
1199749
1966278
1674673
1990393
1691869
1596466
1267879
1984811
1669457
1478382
1464793
1739380
1941790
1876548
1827766
1259682
1496836
1289922
1494856
1695288
1799325
1738668
1539678
1197769
1618962
1973652
1489361
1069965
1844689
1679801
1818583
1668825
1779255
1594937
1184895
1756660
1593858
1908490
1816699
1940895
1387756
1663965
1293976
1858633
1497285
1915964
1547779
1941882
1776553
1885905
1538775
1459578
1787353
1695829
1964748
1976808
1785199
1346989
1597544
1397386
1859265
1194974
1793744
1692944
1774665
1960690
1479642