4467799
4745985
4978367
4967299
4997805
4995823
4279781
4988539
4777576
4699812
4876663
4759666
4069990
4886656
4898353
4467884
4592986
4972968
4789099
4368889
4539976
4693785
4999248
4975848
4789810
4386974
4299941
4983943
4618999
4896552
4947582
4799351
4168993
4825994
4935977
4279965
4195993
4952896
4566794
4764792
4385986
4819696
4637890
4879097
4690990
4388770
4926972
4765697
4687843
4588396
4878376
4579480
4879722
4887192
4955956
4484981
4493989
4918781
4918967
4818886
4975757
4179978
4895922
4991773
4774963
4977640
4386798
4586594
4439983
4469951
4994474
4385984
4659941
4595864
4777483
4759841
4876576
4849846
4588938
4559685
4994832
4936963
4099871
4786666
4869826
4483994
4087994
4681998
4948841
4999514
4598474
4576783
4487955
4996549
4787743
4976743
4945693
4897271
4659676
4668942
4767760
4849935
4774870
4683973
4764885
4939754
4188796
4987818
4984840
4475988
4587850
4498848
4858394
4997530
4828872
4589749
4678938
4686943
4976837
4368883
4766865
4299582
4983851
4655892
4598566
4954782
4974854
4976658
4899617
4884762
4792781
4268895
4958291
4679927
4359886
4858486
4199950
4779289
4198961
4755977
4479943
4277894
4789633
4899704
4746888
4589382
4078999
4790986
4887643
4981696
4549877
4925898
4848672
4945966
4909963
4899526
4379862
4896825
4898170
4996093
4853898
4896649
4398495
4484982
4855873
4475983
4657786
4837871
4548888
4996819
4786844
4299587
4892682
4589833
4599194
4697836
4878912
4957938
4968914
4866588
4883868
4939576
4459964
4949473
4754891
4496951
4996540
4747965
4682982
4749763
4809970
4974583
4854797
4585691
4964596
4789181
4884763
4937685
4188790
4267990
4938582
4996097
4564990
4568592
4575975
4658599
4458798
4395977
4690994
4954787
4975484
4737795
4838864
4496689
4937689
4897457
4926793
4897906
4798630
4478958
4597669
4479850
4843995
4947942
4393996
4727983
4778741
4469860
4557971
4985659
4599643
4974495
4936873
4956766
4785765
4909785
4859659
4389583
4799444
4986558
4858759
4289772
4587764
4396785
4088989
4999510
4866855
4397689
4998706
4474995
4793863
4898625
4948481
4963876
4448895
4465990
4781984
4496867
4868834
4948397
4958562
4997177
4947496
4986739
4548970
4749671
4585692
4736987
4649682
4870994
4729781
4564999
4979446
4879185
4485793
4934893
4753997
4486691
4829779
4798454
4477962
4593792
4956670
4477875
4677764
4871892
4767586
4984488
4456993
4689917
4782978
4666787
4907894
4592989
4977735
4367988
4865957
4819787
4877563
4798728
4828783
4788550
4708990
4886926
4746794
4858487
4494795
4795754
4179881
4899166
4886479
4788191
4478776
4259896
4599551
4769925
4886562
4769652
4968559
4764886
4908792
4898352
4786399
4818880
4394985
4959284
4579488
4935798
4887466
4885392
4168991
4497670
4969186
4928687
4597846
4197793
4673892
4585782
4179889
4565896
4787745
4587767
4952983
4549964
4578494
4269979
4587498
4976471
4965582
4884670
4828870
4593889
4947940
4856957
4974769
4565983
4678484
4778293
4948662
4969905
4855780
4368794
4349892
4776490
4595594
4694951
4768932
4978727
4596671
4909871
4177995
4697830
4845970
4917978
4568862
4675874
4981872
4893585
4970980
4188792
4739683
4996360
4892863
4559865
4639875
4758672
4738963
4794673
4933992
4769835
4909968
4694599
4379688
4496862
4458797
4909783
4688385
4964771
4848580
4947858
4199680
4990878
4855699
4996099
4866581
4299760
4979085
4854790
4937599
4867757
4893580
4888630
4975759
4588489
4493986
4965856
4935888
4494883
4864965
4288780
4686769
4829869
4569497
4962798
4889629
4397592
4845886
4987540
4598923
4296880
4479586
4691894
4981873
4865771
4985561
4798362
4875589
4887282
4576695
4556894
4767851
4569762
4987365
4892865
4958658
4872970
4979530
4997357
4866494
4478683
4587492
4588751
4767671
4872977
4976290
4528991
4649779
4975487
4938589
4887644
4696486
4583899
4498842
4685860
4996272
4709981
4359796
4792969
4845972
4676598
4836793
4299852
4756968
4487686
4947499
4765694
4966930
4467793
4699274
4658687
4967297
4974851
4474998
4745898
4584881
4839582
4348994
4978459
4948570
4818972
4658689
4288699
4697832
4807995
4738969
4958740
4368974
4498664
4859922
4993931
4456998
4576788
4498394
4694683
4995194
4394983
4986467
4962972
4279878
4874863
4889440
4849483
4717994
4899529
4468780
4578675
4685774
4984667
4991955
4458886
4879545
4867754
4289867
4689913
4963965
4968646
4964774
4915993
4957667
4589835
4895927
4785497
4875490
4857586
4598564
4939846
4928953
4766773
4973778
4948758
4958388
4758493
4681995
4774693
4559955
4789906
4485887
4568778
4838863
4685868
4627996
4995737
4797730
4669755
4799539
4868927
4868476
4993840
4848587
4468694
4919866
4695498
4994927
4982951
4927876
4295896
4836885
4559864
4986736
4894660
4993757
4675787
4772982
4757592
4294994
4467973
4369967
4987903
4954878
4495872
4469777
4497859
4198877
4599730
4647979
4996278
4987812
4788462
4994387
4688658
4976569
4895928
4775951
4787650
4399840
4976924
4971888
4559866
4699547
4556890
4278795
4683885
4596945
4966666
4882873
4664982
4596859
4897818
4657877
4459870
4659945
4826985
4588571
4894482
4788647
4988448
4939845
4888456
4698370
4757595
4896198
4794584
4729692
4995462
4896197
4986468
4089882
4883686
4369968
4698282
4976383
4896374
4957665
4637983
4648780
4967650
4788557
4584977
4997087
4919863
4959559
4917796
4759395
4668582
4826893
4980972
4498484
4777757
4873691
4589566
4886383
4767498
4609995
4798274
4478773
4866496
4488491
4399480
4379864
4267995
4847770
4675962
4477961
4477781
4797375
4709891
4991860
4688746
4993485
4757778
4919680
4657967
4994471
4476797
4298868
4568681
4799084
4998709
4796655
4739954
4348995
4789187
4278973
4996722
4897637
4885669
4991959
4873871
4586864
4983495
4897727
4647889
4955595
4696664
4938855
4695761
4992585
4994568
4997532
4986372
4729690
4476793
4767589
4798185
4955599
4594966
4469590
4796560
4599739
4778563
4986376
4971972
4682894
4967387
4885664
4954788
4946680
4597843
4579751
4827889
4948937
4849486
4689374
4199952
4949478
4476973
4957841
4487776
4880985
4848765
4599918
4285992
4888090
4799534
4787834
4859650
4974764
4739590
4566976
4647886
4629979
4079984
4697922
4298772
4589383
4557797
4989522
4778834
4859830
4856590
4877652
4890791
4993756
4649684
4964682
4584792
4339993
4896914
4565985
4883680
4738695
4488494
4758851
4828965
4758498
4894394
4959647
4693692
4886922
4496869
4369692
4868473
4927879
4568951
4927878
4619985
4999424
4916893
4757777
4478772
4196896
4894572
4397864
4388590
4755889
4773880
4779736
4828874
4289956
4874778
4089977
4952987
4697927
4668769
4867759
4576787
4956673
4694591
4974946
4369963
4791880
4994298
4828964
4656881
4836889
4586597
4983670
4579668
4548976
4597930
4875491
4398850
4837876
4596584
4558968
4488764
4459967
4879091
4895560
4988358
4498396
4849576
4288874
4858751
4898089
4858576
4778839
4379959
4887736
4848944
4295899
4989071
4874955
4169986
4926880
4269883
4788460
4928868
4549692
4787923
4448890
4878738
4889539
4986912
4769742
4859741
4894848
4569580
4493891
4879908
4856596
4691895
4894842
4797191
4777936
4887197
4987452
4675870
4976657
4487958
4967385
4494798
4896647
4395882
4358893
4798722
4672993
4965858
4917888
4979351
4978728
4487596
4489577
4777578
4797376
4647975
4989704
4888902
4829951
4856771
4859382
4999068
4776582
4981874
4886654
4978275
4987543
4995648
4639788
4959551
4649772
4777840
4875942
4697291
4748866
4947671
4577863
4798813
4486871
4886927
4789548
4599467
4845889
4697740
4872973
4574890
4395887
4960990
4775683
4887826
4928591
4886569
4978818
4728974
4785853
4965674
4948392
4285994
4638885
4779196
4479767
4486961
4398672
4779193
4099781
4299764
4682983
4759843
4887919
4779826
4867753
4747964
4959466
4766771
4874862
4898260
4758674
4957395
4897901
4856591
4388776
4977190
4878197
4766953
4766957
4995460
4584798
4588755
4990783
4854971
4585876
4963874
4488587
4893768
4658775
4487778
4985657
4556899
4772984
4477969
4919593
4576872
4798819
4564991
4918962
4848588
4973777
4595770
4699452
4669487
4943890
4493982
4994564
4499922
4399487
4497850
4956588
4585967
4777486
4877920
4980795
4794583
4979716
4489752
4887821
4995287
4893670
4972694
4289862
4993578
4378694
4997269
4399574
4678579
4289776
4893491
4948487
4599550
4697293
4719790